22
1 2 3 4 5 6
22
1 2 3 4 6 5
28
1 2 3 5 4 6
26
1 2 3 5 6 4
28
1 2 3 6 4 5
26
1 2 3 6 5 4
24
1 2 4 3 5 6
24
1 2 4 3 6 5
30
1 2 4 5 3 6
28
1 2 4 5 6 3
30
1 2 4 6 3 5
28
1 2 4 6 5 3
26
1 2 5 3 4 6
30
1 2 5 3 6 4
26
1 2 5 4 3 6
30
1 2 5 4 6 3
24
1 2 5 6 3 4
24
1 2 5 6 4 3
26
1 2 6 3 4 5
30
1 2 6 3 5 4
26
1 2 6 4 3 5
30
1 2 6 4 5 3
24
1 2 6 5 3 4
24
1 2 6 5 4 3
24
1 3 2 4 5 6
24
1 3 2 4 6 5
26
1 3 2 5 4 6
24
1 3 2 5 6 4
26
1 3 2 6 4 5
24
1 3 2 6 5 4
22
1 3 4 2 5 6
22
1 3 4 2 6 5
24
1 3 4 5 2 6
22
1 3 4 5 6 2
24
1 3 4 6 2 5
22
1 3 4 6 5 2
28
1 3 5 2 4 6
28
1 3 5 2 6 4
28
1 3 5 4 2 6
28
1 3 5 4 6 2
26
1 3 5 6 2 4
26
1 3 5 6 4 2
28
1 3 6 2 4 5
28
1 3 6 2 5 4
28
1 3 6 4 2 5
28
1 3 6 4 5 2
26
1 3 6 5 2 4
26
1 3 6 5 4 2
28
1 4 2 3 5 6
28
1 4 2 3 6 5
32
1 4 2 5 3 6
30
1 4 2 5 6 3
32
1 4 2 6 3 5
30
1 4 2 6 5 3
24
1 4 3 2 5 6
24
1 4 3 2 6 5
28
1 4 3 5 2 6
26
1 4 3 5 6 2
28
1 4 3 6 2 5
26
1 4 3 6 5 2
30
1 4 5 2 3 6
32
1 4 5 2 6 3
30
1 4 5 3 2 6
32
1 4 5 3 6 2
28
1 4 5 6 2 3
28
1 4 5 6 3 2
30
1 4 6 2 3 5
32
1 4 6 2 5 3
30
1 4 6 3 2 5
32
1 4 6 3 5 2
28
1 4 6 5 2 3
28
1 4 6 5 3 2
26
1 5 2 3 4 6
30
1 5 2 3 6 4
28
1 5 2 4 3 6
32
1 5 2 4 6 3
28
1 5 2 6 3 4
28
1 5 2 6 4 3
30
1 5 3 2 4 6
30
1 5 3 2 6 4
28
1 5 3 4 2 6
28
1 5 3 4 6 2
32
1 5 3 6 2 4
32
1 5 3 6 4 2
30
1 5 4 2 3 6
32
1 5 4 2 6 3
26
1 5 4 3 2 6
28
1 5 4 3 6 2
30
1 5 4 6 2 3
30
1 5 4 6 3 2
24
1 5 6 2 3 4
26
1 5 6 2 4 3
28
1 5 6 3 2 4
26
1 5 6 3 4 2
28
1 5 6 4 2 3
24
1 5 6 4 3 2
22
1 6 2 3 4 5
26
1 6 2 3 5 4
24
1 6 2 4 3 5
28
1 6 2 4 5 3
24
1 6 2 5 3 4
24
1 6 2 5 4 3
26
1 6 3 2 4 5
26
1 6 3 2 5 4
24
1 6 3 4 2 5
24
1 6 3 4 5 2
28
1 6 3 5 2 4
28
1 6 3 5 4 2
26
1 6 4 2 3 5
28
1 6 4 2 5 3
22
1 6 4 3 2 5
24
1 6 4 3 5 2
26
1 6 4 5 2 3
26
1 6 4 5 3 2
20
1 6 5 2 3 4
22
1 6 5 2 4 3
24
1 6 5 3 2 4
22
1 6 5 3 4 2
24
1 6 5 4 2 3
20
1 6 5 4 3 2
20
2 1 3 4 5 6
20
2 1 3 4 6 5
26
2 1 3 5 4 6
24
2 1 3 5 6 4
26
2 1 3 6 4 5
24
2 1 3 6 5 4
24
2 1 4 3 5 6
24
2 1 4 3 6 5
30
2 1 4 5 3 6
28
2 1 4 5 6 3
30
2 1 4 6 3 5
28
2 1 4 6 5 3
26
2 1 5 3 4 6
30
2 1 5 3 6 4
26
2 1 5 4 3 6
30
2 1 5 4 6 3
24
2 1 5 6 3 4
24
2 1 5 6 4 3
22
2 1 6 3 4 5
26
2 1 6 3 5 4
22
2 1 6 4 3 5
26
2 1 6 4 5 3
20
2 1 6 5 3 4
20
2 1 6 5 4 3
24
2 3 1 4 5 6
24
2 3 1 4 6 5
26
2 3 1 5 4 6
24
2 3 1 5 6 4
22
2 3 1 6 4 5
20
2 3 1 6 5 4
24
2 3 4 1 5 6
20
2 3 4 1 6 5
22
2 3 4 5 1 6
20
2 3 4 5 6 1
22
2 3 4 6 1 5
24
2 3 4 6 5 1
30
2 3 5 1 4 6
26
2 3 5 1 6 4
26
2 3 5 4 1 6
26
2 3 5 4 6 1
24
2 3 5 6 1 4
28
2 3 5 6 4 1
26
2 3 6 1 4 5
26
2 3 6 1 5 4
30
2 3 6 4 1 5
30
2 3 6 4 5 1
28
2 3 6 5 1 4
28
2 3 6 5 4 1
26
2 4 1 3 5 6
26
2 4 1 3 6 5
32
2 4 1 5 3 6
30
2 4 1 5 6 3
28
2 4 1 6 3 5
26
2 4 1 6 5 3
22
2 4 3 1 5 6
18
2 4 3 1 6 5
24
2 4 3 5 1 6
22
2 4 3 5 6 1
24
2 4 3 6 1 5
26
2 4 3 6 5 1
28
2 4 5 1 3 6
28
2 4 5 1 6 3
24
2 4 5 3 1 6
28
2 4 5 3 6 1
22
2 4 5 6 1 3
26
2 4 5 6 3 1
24
2 4 6 1 3 5
28
2 4 6 1 5 3
28
2 4 6 3 1 5
32
2 4 6 3 5 1
26
2 4 6 5 1 3
26
2 4 6 5 3 1
24
2 5 1 3 4 6
28
2 5 1 3 6 4
28
2 5 1 4 3 6
32
2 5 1 4 6 3
24
2 5 1 6 3 4
24
2 5 1 6 4 3
28
2 5 3 1 4 6
24
2 5 3 1 6 4
24
2 5 3 4 1 6
24
2 5 3 4 6 1
28
2 5 3 6 1 4
32
2 5 3 6 4 1
28
2 5 4 1 3 6
28
2 5 4 1 6 3
20
2 5 4 3 1 6
24
2 5 4 3 6 1
24
2 5 4 6 1 3
28
2 5 4 6 3 1
18
2 5 6 1 3 4
22
2 5 6 1 4 3
26
2 5 6 3 1 4
26
2 5 6 3 4 1
26
2 5 6 4 1 3
22
2 5 6 4 3 1
20
2 6 1 3 4 5
24
2 6 1 3 5 4
24
2 6 1 4 3 5
28
2 6 1 4 5 3
24
2 6 1 5 3 4
24
2 6 1 5 4 3
28
2 6 3 1 4 5
28
2 6 3 1 5 4
28
2 6 3 4 1 5
28
2 6 3 4 5 1
32
2 6 3 5 1 4
32
2 6 3 5 4 1
28
2 6 4 1 3 5
32
2 6 4 1 5 3
24
2 6 4 3 1 5
28
2 6 4 3 5 1
28
2 6 4 5 1 3
28
2 6 4 5 3 1
22
2 6 5 1 3 4
26
2 6 5 1 4 3
26
2 6 5 3 1 4
26
2 6 5 3 4 1
26
2 6 5 4 1 3
22
2 6 5 4 3 1
24
3 1 2 4 5 6
24
3 1 2 4 6 5
26
3 1 2 5 4 6
24
3 1 2 5 6 4
26
3 1 2 6 4 5
24
3 1 2 6 5 4
26
3 1 4 2 5 6
26
3 1 4 2 6 5
28
3 1 4 5 2 6
26
3 1 4 5 6 2
28
3 1 4 6 2 5
26
3 1 4 6 5 2
28
3 1 5 2 4 6
28
3 1 5 2 6 4
28
3 1 5 4 2 6
28
3 1 5 4 6 2
26
3 1 5 6 2 4
26
3 1 5 6 4 2
24
3 1 6 2 4 5
24
3 1 6 2 5 4
24
3 1 6 4 2 5
24
3 1 6 4 5 2
22
3 1 6 5 2 4
22
3 1 6 5 4 2
26
3 2 1 4 5 6
26
3 2 1 4 6 5
28
3 2 1 5 4 6
26
3 2 1 5 6 4
24
3 2 1 6 4 5
22
3 2 1 6 5 4
28
3 2 4 1 5 6
24
3 2 4 1 6 5
26
3 2 4 5 1 6
24
3 2 4 5 6 1
26
3 2 4 6 1 5
28
3 2 4 6 5 1
30
3 2 5 1 4 6
26
3 2 5 1 6 4
26
3 2 5 4 1 6
26
3 2 5 4 6 1
24
3 2 5 6 1 4
28
3 2 5 6 4 1
26
3 2 6 1 4 5
26
3 2 6 1 5 4
30
3 2 6 4 1 5
30
3 2 6 4 5 1
28
3 2 6 5 1 4
28
3 2 6 5 4 1
24
3 4 1 2 5 6
24
3 4 1 2 6 5
28
3 4 1 5 2 6
26
3 4 1 5 6 2
24
3 4 1 6 2 5
22
3 4 1 6 5 2
24
3 4 2 1 5 6
20
3 4 2 1 6 5
24
3 4 2 5 1 6
22
3 4 2 5 6 1
24
3 4 2 6 1 5
26
3 4 2 6 5 1
26
3 4 5 1 2 6
24
3 4 5 1 6 2
22
3 4 5 2 1 6
24
3 4 5 2 6 1
20
3 4 5 6 1 2
24
3 4 5 6 2 1
22
3 4 6 1 2 5
24
3 4 6 1 5 2
26
3 4 6 2 1 5
28
3 4 6 2 5 1
24
3 4 6 5 1 2
24
3 4 6 5 2 1
30
3 5 1 2 4 6
30
3 5 1 2 6 4
32
3 5 1 4 2 6
32
3 5 1 4 6 2
28
3 5 1 6 2 4
28
3 5 1 6 4 2
30
3 5 2 1 4 6
26
3 5 2 1 6 4
28
3 5 2 4 1 6
28
3 5 2 4 6 1
28
3 5 2 6 1 4
32
3 5 2 6 4 1
30
3 5 4 1 2 6
28
3 5 4 1 6 2
26
3 5 4 2 1 6
28
3 5 4 2 6 1
26
3 5 4 6 1 2
30
3 5 4 6 2 1
24
3 5 6 1 2 4
26
3 5 6 1 4 2
28
3 5 6 2 1 4
30
3 5 6 2 4 1
28
3 5 6 4 1 2
28
3 5 6 4 2 1
26
3 6 1 2 4 5
26
3 6 1 2 5 4
28
3 6 1 4 2 5
28
3 6 1 4 5 2
28
3 6 1 5 2 4
28
3 6 1 5 4 2
30
3 6 2 1 4 5
30
3 6 2 1 5 4
32
3 6 2 4 1 5
32
3 6 2 4 5 1
32
3 6 2 5 1 4
32
3 6 2 5 4 1
30
3 6 4 1 2 5
32
3 6 4 1 5 2
30
3 6 4 2 1 5
32
3 6 4 2 5 1
30
3 6 4 5 1 2
30
3 6 4 5 2 1
28
3 6 5 1 2 4
30
3 6 5 1 4 2
28
3 6 5 2 1 4
30
3 6 5 2 4 1
28
3 6 5 4 1 2
28
3 6 5 4 2 1
26
4 1 2 3 5 6
26
4 1 2 3 6 5
30
4 1 2 5 3 6
28
4 1 2 5 6 3
30
4 1 2 6 3 5
28
4 1 2 6 5 3
24
4 1 3 2 5 6
24
4 1 3 2 6 5
28
4 1 3 5 2 6
26
4 1 3 5 6 2
28
4 1 3 6 2 5
26
4 1 3 6 5 2
30
4 1 5 2 3 6
32
4 1 5 2 6 3
30
4 1 5 3 2 6
32
4 1 5 3 6 2
28
4 1 5 6 2 3
28
4 1 5 6 3 2
26
4 1 6 2 3 5
28
4 1 6 2 5 3
26
4 1 6 3 2 5
28
4 1 6 3 5 2
24
4 1 6 5 2 3
24
4 1 6 5 3 2
24
4 2 1 3 5 6
24
4 2 1 3 6 5
30
4 2 1 5 3 6
28
4 2 1 5 6 3
26
4 2 1 6 3 5
24
4 2 1 6 5 3
24
4 2 3 1 5 6
20
4 2 3 1 6 5
26
4 2 3 5 1 6
24
4 2 3 5 6 1
26
4 2 3 6 1 5
28
4 2 3 6 5 1
28
4 2 5 1 3 6
28
4 2 5 1 6 3
24
4 2 5 3 1 6
28
4 2 5 3 6 1
22
4 2 5 6 1 3
26
4 2 5 6 3 1
24
4 2 6 1 3 5
28
4 2 6 1 5 3
28
4 2 6 3 1 5
32
4 2 6 3 5 1
26
4 2 6 5 1 3
26
4 2 6 5 3 1
20
4 3 1 2 5 6
20
4 3 1 2 6 5
24
4 3 1 5 2 6
22
4 3 1 5 6 2
20
4 3 1 6 2 5
18
4 3 1 6 5 2
22
4 3 2 1 5 6
18
4 3 2 1 6 5
22
4 3 2 5 1 6
20
4 3 2 5 6 1
22
4 3 2 6 1 5
24
4 3 2 6 5 1
26
4 3 5 1 2 6
24
4 3 5 1 6 2
22
4 3 5 2 1 6
24
4 3 5 2 6 1
20
4 3 5 6 1 2
24
4 3 5 6 2 1
22
4 3 6 1 2 5
24
4 3 6 1 5 2
26
4 3 6 2 1 5
28
4 3 6 2 5 1
24
4 3 6 5 1 2
24
4 3 6 5 2 1
28
4 5 1 2 3 6
30
4 5 1 2 6 3
26
4 5 1 3 2 6
28
4 5 1 3 6 2
26
4 5 1 6 2 3
26
4 5 1 6 3 2
26
4 5 2 1 3 6
26
4 5 2 1 6 3
22
4 5 2 3 1 6
26
4 5 2 3 6 1
24
4 5 2 6 1 3
28
4 5 2 6 3 1
26
4 5 3 1 2 6
24
4 5 3 1 6 2
24
4 5 3 2 1 6
26
4 5 3 2 6 1
26
4 5 3 6 1 2
30
4 5 3 6 2 1
22
4 5 6 1 2 3
20
4 5 6 1 3 2
24
4 5 6 2 1 3
24
4 5 6 2 3 1
24
4 5 6 3 1 2
26
4 5 6 3 2 1
24
4 6 1 2 3 5
26
4 6 1 2 5 3
22
4 6 1 3 2 5
24
4 6 1 3 5 2
26
4 6 1 5 2 3
26
4 6 1 5 3 2
26
4 6 2 1 3 5
30
4 6 2 1 5 3
26
4 6 2 3 1 5
30
4 6 2 3 5 1
28
4 6 2 5 1 3
28
4 6 2 5 3 1
26
4 6 3 1 2 5
28
4 6 3 1 5 2
28
4 6 3 2 1 5
30
4 6 3 2 5 1
30
4 6 3 5 1 2
30
4 6 3 5 2 1
26
4 6 5 1 2 3
24
4 6 5 1 3 2
24
4 6 5 2 1 3
24
4 6 5 2 3 1
24
4 6 5 3 1 2
26
4 6 5 3 2 1
24
5 1 2 3 4 6
28
5 1 2 3 6 4
26
5 1 2 4 3 6
30
5 1 2 4 6 3
26
5 1 2 6 3 4
26
5 1 2 6 4 3
26
5 1 3 2 4 6
26
5 1 3 2 6 4
24
5 1 3 4 2 6
24
5 1 3 4 6 2
28
5 1 3 6 2 4
28
5 1 3 6 4 2
30
5 1 4 2 3 6
32
5 1 4 2 6 3
26
5 1 4 3 2 6
28
5 1 4 3 6 2
30
5 1 4 6 2 3
30
5 1 4 6 3 2
22
5 1 6 2 3 4
24
5 1 6 2 4 3
26
5 1 6 3 2 4
24
5 1 6 3 4 2
26
5 1 6 4 2 3
22
5 1 6 4 3 2
22
5 2 1 3 4 6
26
5 2 1 3 6 4
26
5 2 1 4 3 6
30
5 2 1 4 6 3
22
5 2 1 6 3 4
22
5 2 1 6 4 3
26
5 2 3 1 4 6
22
5 2 3 1 6 4
22
5 2 3 4 1 6
22
5 2 3 4 6 1
26
5 2 3 6 1 4
30
5 2 3 6 4 1
28
5 2 4 1 3 6
28
5 2 4 1 6 3
20
5 2 4 3 1 6
24
5 2 4 3 6 1
24
5 2 4 6 1 3
28
5 2 4 6 3 1
20
5 2 6 1 3 4
24
5 2 6 1 4 3
28
5 2 6 3 1 4
28
5 2 6 3 4 1
28
5 2 6 4 1 3
24
5 2 6 4 3 1
26
5 3 1 2 4 6
26
5 3 1 2 6 4
28
5 3 1 4 2 6
28
5 3 1 4 6 2
24
5 3 1 6 2 4
24
5 3 1 6 4 2
28
5 3 2 1 4 6
24
5 3 2 1 6 4
26
5 3 2 4 1 6
26
5 3 2 4 6 1
26
5 3 2 6 1 4
30
5 3 2 6 4 1
26
5 3 4 1 2 6
24
5 3 4 1 6 2
22
5 3 4 2 1 6
24
5 3 4 2 6 1
22
5 3 4 6 1 2
26
5 3 4 6 2 1
26
5 3 6 1 2 4
28
5 3 6 1 4 2
30
5 3 6 2 1 4
32
5 3 6 2 4 1
30
5 3 6 4 1 2
30
5 3 6 4 2 1
28
5 4 1 2 3 6
30
5 4 1 2 6 3
26
5 4 1 3 2 6
28
5 4 1 3 6 2
26
5 4 1 6 2 3
26
5 4 1 6 3 2
26
5 4 2 1 3 6
26
5 4 2 1 6 3
22
5 4 2 3 1 6
26
5 4 2 3 6 1
24
5 4 2 6 1 3
28
5 4 2 6 3 1
22
5 4 3 1 2 6
20
5 4 3 1 6 2
20
5 4 3 2 1 6
22
5 4 3 2 6 1
22
5 4 3 6 1 2
26
5 4 3 6 2 1
24
5 4 6 1 2 3
22
5 4 6 1 3 2
26
5 4 6 2 1 3
26
5 4 6 2 3 1
26
5 4 6 3 1 2
28
5 4 6 3 2 1
18
5 6 1 2 3 4
20
5 6 1 2 4 3
20
5 6 1 3 2 4
18
5 6 1 3 4 2
24
5 6 1 4 2 3
20
5 6 1 4 3 2
20
5 6 2 1 3 4
24
5 6 2 1 4 3
24
5 6 2 3 1 4
24
5 6 2 3 4 1
26
5 6 2 4 1 3
22
5 6 2 4 3 1
24
5 6 3 1 2 4
26
5 6 3 1 4 2
26
5 6 3 2 1 4
28
5 6 3 2 4 1
24
5 6 3 4 1 2
24
5 6 3 4 2 1
26
5 6 4 1 2 3
24
5 6 4 1 3 2
24
5 6 4 2 1 3
24
5 6 4 2 3 1
20
5 6 4 3 1 2
22
5 6 4 3 2 1
20
6 1 2 3 4 5
24
6 1 2 3 5 4
22
6 1 2 4 3 5
26
6 1 2 4 5 3
22
6 1 2 5 3 4
22
6 1 2 5 4 3
22
6 1 3 2 4 5
22
6 1 3 2 5 4
20
6 1 3 4 2 5
20
6 1 3 4 5 2
24
6 1 3 5 2 4
24
6 1 3 5 4 2
26
6 1 4 2 3 5
28
6 1 4 2 5 3
22
6 1 4 3 2 5
24
6 1 4 3 5 2
26
6 1 4 5 2 3
26
6 1 4 5 3 2
22
6 1 5 2 3 4
24
6 1 5 2 4 3
26
6 1 5 3 2 4
24
6 1 5 3 4 2
26
6 1 5 4 2 3
22
6 1 5 4 3 2
22
6 2 1 3 4 5
26
6 2 1 3 5 4
26
6 2 1 4 3 5
30
6 2 1 4 5 3
26
6 2 1 5 3 4
26
6 2 1 5 4 3
26
6 2 3 1 4 5
26
6 2 3 1 5 4
26
6 2 3 4 1 5
26
6 2 3 4 5 1
30
6 2 3 5 1 4
30
6 2 3 5 4 1
28
6 2 4 1 3 5
32
6 2 4 1 5 3
24
6 2 4 3 1 5
28
6 2 4 3 5 1
28
6 2 4 5 1 3
28
6 2 4 5 3 1
24
6 2 5 1 3 4
28
6 2 5 1 4 3
28
6 2 5 3 1 4
28
6 2 5 3 4 1
28
6 2 5 4 1 3
24
6 2 5 4 3 1
26
6 3 1 2 4 5
26
6 3 1 2 5 4
28
6 3 1 4 2 5
28
6 3 1 4 5 2
28
6 3 1 5 2 4
28
6 3 1 5 4 2
28
6 3 2 1 4 5
28
6 3 2 1 5 4
30
6 3 2 4 1 5
30
6 3 2 4 5 1
30
6 3 2 5 1 4
30
6 3 2 5 4 1
26
6 3 4 1 2 5
28
6 3 4 1 5 2
26
6 3 4 2 1 5
28
6 3 4 2 5 1
26
6 3 4 5 1 2
26
6 3 4 5 2 1
30
6 3 5 1 2 4
32
6 3 5 1 4 2
30
6 3 5 2 1 4
32
6 3 5 2 4 1
30
6 3 5 4 1 2
30
6 3 5 4 2 1
28
6 4 1 2 3 5
30
6 4 1 2 5 3
26
6 4 1 3 2 5
28
6 4 1 3 5 2
30
6 4 1 5 2 3
30
6 4 1 5 3 2
26
6 4 2 1 3 5
30
6 4 2 1 5 3
26
6 4 2 3 1 5
30
6 4 2 3 5 1
28
6 4 2 5 1 3
28
6 4 2 5 3 1
22
6 4 3 1 2 5
24
6 4 3 1 5 2
24
6 4 3 2 1 5
26
6 4 3 2 5 1
26
6 4 3 5 1 2
26
6 4 3 5 2 1
28
6 4 5 1 2 3
26
6 4 5 1 3 2
26
6 4 5 2 1 3
26
6 4 5 2 3 1
26
6 4 5 3 1 2
28
6 4 5 3 2 1
22
6 5 1 2 3 4
24
6 5 1 2 4 3
24
6 5 1 3 2 4
22
6 5 1 3 4 2
28
6 5 1 4 2 3
24
6 5 1 4 3 2
20
6 5 2 1 3 4
24
6 5 2 1 4 3
24
6 5 2 3 1 4
24
6 5 2 3 4 1
26
6 5 2 4 1 3
22
6 5 2 4 3 1
24
6 5 3 1 2 4
26
6 5 3 1 4 2
26
6 5 3 2 1 4
28
6 5 3 2 4 1
24
6 5 3 4 1 2
24
6 5 3 4 2 1
26
6 5 4 1 2 3
24
6 5 4 1 3 2
24
6 5 4 2 1 3
24
6 5 4 2 3 1
20
6 5 4 3 1 2
22
6 5 4 3 2 1
18
5 6 1 3 4 2
